1443.20
1415.30
1420.60
1418.90
1441.20
1462.60
1446.30
1471.00
1504.70
1512.80
1504.80
1492.70
1517.20
1517.80
1522.40
1475.90
1477.40
1457.20
1409.30
1414.90
1410.90
1398.20
1366.10
1366.70
1396.10
1358.20
1354.00
1375.20
1383.40
1382.30
1327.80
1325.60
1322.70
1422.70
1405.10
1390.20
1375.10
1358.80
1375.20
1382.10
1382.70
1380.30
1400.70
1420.10
1426.50
1435.00
1438.90
1428.70
1436.30
1467.80
1488.70
1468.90
1489.40
1486.50
1531.20
1572.60
1587.10
1567.30
1566.30
1582.50
1601.20
1558.20
1565.50
1542.10
1516.70
1530.90
1540.30
1594.30
1580.50
1580.50
1565.80
1571.60
1542.20
1576.60
1570.60
1552.90
1546.50
1517.90
1519.60
1520.30
1515.50
1498.40
1508.80
1522.80
1538.60
1577.50
1572.00
1586.90
1580.00
1582.10
1561.90
1565.40
1583.10
1601.40
1603.40
1623.80
1613.80
1599.40
1571.90
1597.10
1603.70
1620.50
1623.80
1620.30
1605.80
1630.00
1631.80
1624.00
1627.50
1607.30
1620.60
1610.90
1598.50
1590.40
1598.10
1598.90
1617.40
1647.70
1652.70
1671.90
1681.50
1682.10
1681.50
1704.10
1694.10
1685.40
1712.80
1704.20
1709.60
1704.90
1715.20
1700.80
1692.60
1699.80
1701.10
1695.40
1683.00
1687.00
1711.90
1691.60
1691.50
1672.10
1666.10
1622.20
1625.20
1610.50
1614.40
1616.10
1618.90
1605.00
1627.60
1634.70
1637.90
1644.80
1646.60
1643.90
1625.50
1618.30
1624.00
1623.00
1632.90
1621.70
1615.40
1605.60
1605.60
1614.90
1622.30
1622.60
1615.40
1622.00
1611.90
1631.40
1630.20
1632.20
1626.10
1644.70
1650.20
1654.30
1653.30
1497.90
1526.90
1570.80
1630.80
1627.20
1654.20
1647.10
1647.50
1655.50
1650.50
1650.50
1655.60
1647.90
1647.20
1646.20
1633.10
1629.10
1628.20
1631.30
1637.60
1629.80
1634.60
1628.10
1620.70
1616.10
1614.20
1626.60
1625.40
1620.00
1608.10
1607.00
1609.60
1607.30
1601.70
1588.70
1578.70
1567.20
1568.00
1568.40
1571.00
1585.00
1570.10
1564.50
1563.30
1572.70
1580.70
1587.90
1579.00
1572.00
1576.80
1590.80
1582.80
1582.10
1573.60
1573.60
1576.10
1574.20
1578.40
1606.20
1609.00
1621.20
1623.20
1621.00
1629.40
1611.90
1599.10
1598.10
1600.30
1589.20
1602.90
1586.20
1588.20
1566.60
1545.40
1546.80
1561.00
1553.40
1558.20
1559.10
1551.10
1543.60
1546.40
1558.30
1552.90
1560.90
1573.80
1561.80
1543.20
1539.60
1563.60
1578.00
1601.90
1603.60
1603.30
1592.50
1578.70
1589.80
1615.70
1622.70
1628.50
1667.50
1666.30
1671.00
1677.20
1685.30
1680.10
1669.60
1664.80
1683.60
1683.10
1672.40
1680.90
1687.50
1689.00
1674.60
1686.60
1681.10
1685.50
1682.10
1683.60
1678.90
1681.40
1676.50
1681.10
1695.00
1687.80
1703.20
1717.60
1729.10
1722.30
1737.30
1749.90
1745.10
1747.90
1763.30
1759.10
1764.80
1746.00
1750.30
1750.50
1743.40
1727.50
1732.60
1724.80
1730.10
1732.20
1724.60
1736.30
1717.50
1713.10
1716.30
1719.00
1711.50
1710.30
1717.90
1707.30
1721.70
1719.60
1734.60
1739.40
1720.00
1720.30
1736.10
1727.70
1732.50
1743.80
1749.20
1746.50
1753.30
1752.40
1745.70
1742.20
1735.90
1735.90
1734.00
1728.30
1732.60
1743.50
1750.80
1748.20
1753.00
1751.20
1749.40
1742.30
1724.10
1758.40
1763.30
1787.50
1785.50
1803.00
1811.60
1806.70
1794.10
1803.20
1798.10
1801.40
1788.60
1792.30
1789.10
1786.30
1789.80
1781.80
1782.30
1773.90
1779.10
1771.80
1772.90
1770.60
1771.10
1768.50
1764.90
1754.10
1757.10
1752.60
1756.30
1768.60
1777.00
1772.40
1767.50
1751.20
1757.60
1754.50
1736.50
1734.10
1734.60
1740.50
1702.70
1649.70
1659.80
1628.20
1623.40
1610.40
1618.10
1610.60
1628.20
1624.00
1615.40
1594.70
1611.50
1628.80
1621.20
1609.50
1582.60
1564.60
1553.00
1541.00
1547.80
1555.40
1533.20
1524.70
1513.10
1520.00
1498.70
1468.90
1473.30
1513.40
1516.50
1541.30
1518.70
1506.70
1530.80
1536.50
1540.60
1544.60
1525.30
1528.30
1527.80
1595.00
1587.60
1584.60
1578.70
1589.30
1573.90
1550.30
1557.80
1530.90
1513.40
1475.00
1476.30
1466.40
1484.00
1478.00
1424.40
1420.30
1436.10
1451.10
1439.70
1432.50
1465.50
1458.50
1453.40
1461.60
1479.10
1511.60
1503.90
1510.10
1526.80
1542.50
1533.80
1510.30
1493.60
1492.30
1472.60
1485.00
1472.70
1480.90
1487.20
1508.80
1519.10
1512.20
1535.40
1548.50
1547.00
1545.10
1551.70
1544.80
1530.90
1510.30
1517.70
1523.20
1523.00
1544.30
1544.90
1534.00
1532.50
1522.20
1525.30
1508.20
1500.60
1494.50
1476.00
1469.80
1481.20
1472.10
1476.20
1492.00
1515.60
1523.60
1527.00
1544.60
1542.20
1545.10
1531.30
1556.40
1556.40
1542.50
1531.50
1532.00
1530.20
1516.50
1523.70
1544.60
1573.10
1578.80
1574.90
1573.70
1587.60
1569.20
1576.20
1562.30
1567.80
1571.90
1585.20
1583.10
1601.50
1601.60
1641.40
1647.20
1641.60
1649.80
1651.10
1661.40
1664.70
1664.20
1653.30
1672.30
1677.40
1680.70
1661.60
1644.20
1658.90
1684.40
1701.00
1696.70
1693.70
1687.40
1682.80
1694.80
1713.10
1709.70
1717.40
1707.10
1702.60
1697.80
1685.10
1696.20
1698.80
1661.40
1648.40
1659.50
1657.20
1661.30
1674.90
1685.10
1684.20
1671.50
1661.80
1658.70
1665.40
1650.30
1655.70
1671.10
1672.40
1675.20
1678.90
1693.30
1687.10
1666.90
1666.70
1657.10
1649.80
1640.80
1628.90
1623.90
1627.20
1629.20
1627.40
1623.20
1623.30
1611.90
1609.00
1616.20
1629.50
1639.80
1634.50
1627.90
1628.50
1617.40
1610.60
1603.10
1618.20
1622.00
1634.50
1631.90
1619.90
1625.20
1629.60
1637.90
1655.60
1661.60
1673.10
1681.00
1692.00
1684.10
1689.60
1692.30
1686.90
1689.80
1698.10
1699.40
1686.30
1695.20
1707.20
1708.30
1697.60
1706.60
1697.80
1692.20
1700.90
1719.80
1783.70
1797.40
1818.20
1807.20
1811.60
1807.70
1813.50
1836.30
1839.00
1823.80
1823.50
1830.80
1854.50
1845.20
1833.90
1833.70
1803.20
1815.10
1843.40
1860.60
1860.70
1869.40
1872.30
1865.20
1865.80
1905.00
1906.60
1912.20
1910.20
1935.70
1939.00
1922.70
1888.30
1897.70
1917.80
1901.20
1904.60
1921.90
1944.90
1918.60
1925.60
1925.20
1910.30
1886.00
1885.30
1880.80
1861.40
1872.60
1880.60
1860.40
1855.70
1882.00
1912.80
1925.90
1893.00
1916.50
1885.90
1912.20
1913.60
1907.70
1915.70
1912.10
1923.70
1972.70
1987.10
1997.00
2005.00
2011.00
1998.60
2001.50
1990.10
2015.00
2033.30
2026.80
2042.60
2034.70
2066.20
2074.40
2058.70
2043.10
2038.50
2069.00
2062.10
2095.60
2084.40
2062.60
2012.60
2010.80
2022.80
2023.80
2023.30
2015.00
2049.10
2071.70
2085.30
2077.40
2030.00
2027.40
2029.60
2047.70
2047.20
2043.40
2057.80
2089.90
2110.50
2120.60
2118.80
2115.50
2148.10
2175.80
2161.10
2172.80
2150.00
2110.70
2137.50
2151.00
2178.20
2182.90
2197.50
2222.80
2254.00
2242.80
2214.70
2266.70
2268.00
2253.60
2233.40
2220.20
2211.60
2233.80
2228.80
2209.20
2164.70
2141.80
2137.40
2113.80
2134.40
2116.20
2075.60
2080.00
2126.80
2119.20
2125.10
2133.50
2177.50
2179.70
2184.00
2151.70
2138.30
2079.40
2107.20
2085.30
2119.00
2090.60
2116.00
2115.60
2136.60
2128.70
2152.00
2119.50
2107.60
2127.70
2090.30
2075.00
2091.60
2067.10
2020.30
2038.00
2060.10
2109.00
2124.00
2115.10
2141.10
2103.50
2145.20
2165.60
2172.70
2175.10
2155.60
2131.30
2141.30
2161.10
2161.70
2130.10
2161.40
2168.40
2147.50
2133.10
2158.30
2191.20
2201.40
2203.40
2225.30
2210.60
2209.20
2198.70
2200.40
2228.80
2172.40
2182.60
2197.00
2213.90
2202.20
2243.20
2253.60
2251.20
2246.00
2268.70
2252.30
2249.00
2235.80
2237.00
2218.90
2235.20
2243.60
2258.80
2271.10
2259.70
2267.40
2247.80
2249.70
2198.70
2158.80
2130.30
2141.00
2118.20
2127.70
2129.70
2148.40
2163.10
2135.10
2145.20
2129.30
2133.10
2105.80
2074.70
2074.70
2054.90
2050.70
1968.80
1983.30
1994.40
2022.10
2005.30
1988.60
2018.30
2046.30
2025.30
2036.50
2054.40
2032.70
2035.70
2043.90
2050.90
2065.70
2048.10
2054.00
2055.60
2093.60
2098.20
2128.80
2138.70
2113.30
2150.30
2136.20
2152.00
2140.40
2122.80
2146.60
2153.80
2186.40
2198.90
2183.40
2184.80
2184.70
2164.20
2160.40
2155.30
2124.70
2138.80
2143.10
2162.30
2153.60
2149.60
2123.80
2107.90
2126.40
2152.20
2161.50
2193.20
2210.90
2212.90
2200.80
2204.70
2174.50
2165.90
2163.80
2172.40
2185.20
2154.60
2136.10
2124.10
2114.00
2118.70
2096.80
2079.00
2079.50
2073.00
2089.10
2068.70
2058.70
2068.10
2043.60
2011.80
1995.00
1968.70
1961.00
1960.60
2024.80
2071.10
2077.60
2082.60
2105.70
2090.90
2084.80
2051.20
2070.00
2022.20
2025.40
1974.60
2020.50
2013.20
2040.30
2071.60
2069.70
2042.40
2051.50
2067.60
2043.50
2053.40
2096.50
2082.40
2078.40
2089.30
2110.80
2102.70
2100.20
2105.30
2074.80
2033.30
2056.00
2051.60
2058.50
2044.30
2048.30
2046.60
2038.50
2071.10
2046.90
2055.60
2042.20
2028.30
2024.80
2011.30
2024.80
2052.60
2070.10
2075.90
2079.90
2086.70
2100.70
2094.00
2106.20
2109.00
2077.00
2106.60
2079.50
2074.80
2072.30
2062.50
2053.90
2059.20
2051.10
2061.10
2071.30
2055.60
2085.60
2083.90
2078.90
2089.40
2055.60
2026.80
2018.00
2026.80
2030.70
2031.70
2035.00
2021.30
2048.40
2045.30
2058.00
2089.70
2092.50
2087.60
2112.70
2130.20
2117.00
2133.20
2135.00
2115.70
2117.00
2101.50
2097.00
2093.20
2118.20
2118.60
2099.30
2102.20
2126.20
2118.70
2109.50
2070.30
2053.30
2025.20
2001.60
1994.00
1999.50
2000.50
2010.10
1992.10
2005.20
1991.80
1983.00
1984.10
1936.10
1925.40
1946.90
1911.00
1918.90
1918.50
1922.60
1930.80
1965.00
1969.80
1979.30
1981.90
1972.30
1993.70
1988.50
1986.50
1965.30
1951.00
1956.00
1976.60
1976.20
2007.00
2029.50
2026.10
2015.90
2035.90
2028.70
2044.80
2023.80
2024.80
2039.60
2059.10
2078.10
2096.90
2086.70
2110.50
2095.30
2087.10
2065.10
2083.20
2080.40
2105.10
2077.90
2067.40
2087.70
2092.20
2126.40
2136.30
2146.40
2141.10
2131.00
2121.80
2119.60
2115.10
2128.00
2120.00
2141.80
2136.70
2143.70
2148.70
2139.80
2130.40
2122.40
2096.40
2106.60
2083.90
2092.30
2114.90
2105.70
2121.20
2153.40
2179.30
2201.90
2199.10
2214.40
2184.90
2199.60
2193.00
2182.90
2184.30
2201.90
2197.50
2229.10
2240.80
2234.40
2230.00
2218.70
2220.00
2241.50
2240.70
2236.00
2243.40
2237.70
2221.80
2218.70
2232.90
2208.50
2227.60
2252.90
2260.30
2263.50
2269.40
2258.90
2263.40
2262.90
2249.30
2241.10
2231.60
2240.10
2238.30
2233.10
2250.30
2264.80
2277.10
2268.00
2273.70
2260.80
2270.80
2295.50
2300.00
2317.00
2301.40
2311.30
2305.10
2287.30
2211.80
2208.40
2227.90
2185.40
2171.90
2187.00
2205.00
2217.80
2208.80
2171.40
2168.70
2138.80
2145.30
2158.10
2196.80
2191.40
2201.00
2194.80
2179.60
2170.50
2107.40
2113.60
2150.10
2131.80
2096.10
2146.10
2167.90
2163.20
2184.00
2181.70
2165.80
2175.00
2172.30
2192.80
2172.20
2175.30
2197.30
2186.20
2200.70
2201.30
2218.30
2205.10
2193.30
2192.30
2198.20
2238.10
2241.50
2245.60
2242.80
2260.70
2252.20
2261.00
2267.20
2263.10
2267.50
2272.80
2289.80
2277.80
2285.90
2284.80
2266.20
2235.60
2262.10
2265.10
2280.40
2280.40
2275.80
2253.90
2284.90
2329.20
2324.30
2331.90
2323.50
2349.70
2338.20
2329.50
2356.50
2359.10
2376.90
2371.30
2380.90
2398.80
2390.50
2384.50
2423.10
2443.70
2432.90
2446.10
2435.80
2470.10
2459.30
2452.10
2419.00
2428.30
2446.20
2430.20
2411.90
2428.10
2433.90
2427.10
2423.00
2429.00
2398.60
2382.60
2391.10
2412.00
2451.80
2442.30
2444.90
2472.50
2473.60
2501.20
2488.00
2479.00
2466.00
2480.90
2469.10
2407.80
2436.00
2426.40
2426.50
2458.20
2463.20
2493.30
2485.90
2504.10
2504.20
2510.30
2499.30
2525.40
2508.40
2485.90
2489.10
2501.20
2494.40
2495.20
2503.30
2530.00
2509.70
2511.80
2545.90
2538.40
2524.20
2535.50
2536.50
2545.90
2550.20
2538.30
2532.40
2537.20
2506.50
2505.30
2502.30
2457.50
2468.90
2479.50
2472.60
2469.40
2468.80
2496.20
2519.70
2528.80
2537.30
2550.00
2570.80
2556.90
2560.50
2542.20
2558.30
2551.50
2527.30
2542.80
2532.80
2546.30
2552.50
2557.40
2558.80
2546.40
2568.90
2567.50
2548.80
2546.10
2549.30
2554.30
2539.70
2540.10
2566.40
2573.00
2573.70
2551.60
2561.40
2564.00
2572.30
2569.00
2577.40
2583.50
2551.00
2562.20
2567.40
2575.50
2544.30
2550.50
2469.80
2497.20
2506.20
2520.20
2482.40
2475.10
2447.80
2465.00
2470.30
2477.80
2457.50
2473.40
2494.50
2508.70
2520.90
2522.50
2531.90
2538.20
2525.60
2528.20
2539.40
2538.70
2546.30
2548.40
2562.80
2560.30
2543.70
2557.30
2555.20
2552.40
2558.80
2563.20
2560.10
2543.80
2532.90
2510.80
2532.40
2529.50
2517.00
2548.70
2570.10
2566.80
2570.30
2596.00
2629.90
2628.10
2625.70
2624.40
2646.10
2627.00
2638.50
2659.00
2666.60
2659.00
2651.90
2655.70
2676.50
2683.30
2702.60
2691.20
2703.00
2680.80
2686.00
2693.90
2728.50
2714.90
2716.30
2734.80
2729.00
2719.00
2699.50
2678.40
2674.20
2703.80
2673.60
2678.70
2659.30
2683.30
2671.90
2691.30
2729.20
2713.20
2739.80
2728.30
2734.30
2773.40
2777.00
2795.80
2763.80
2764.10
2774.50
2772.30
2763.70
2799.20
2810.60
2797.00
2817.50
2845.50
2858.60
2887.00
2866.10
2909.90
2792.00
2857.20
2891.00
2841.10
2847.10
2799.70
2855.80
2815.10
2820.80
2807.80
2854.50
2845.60
2852.90
2888.70
2848.80
2859.30
2881.30
2886.10
2906.30
2892.60
2933.40
2955.00
2949.00
2988.50
2993.30
3001.40
3030.70
2976.70
3028.70
3033.50
2998.20
2994.50
2989.30
2999.20
3017.30
3035.20
3062.30
3067.10
3098.00
3104.10
3138.00
3184.40
3187.60
3216.10
3229.50
3248.20
3232.60
3276.20
3233.80
3196.00
3184.10
3184.20
3233.20
3237.90
3276.70
3259.60
3263.90
3320.70
3365.00
3417.60
3376.20
3436.10
3460.60
3415.40
3349.80
3359.30
3351.00
3291.20
3315.90
3264.70
3298.20
3321.80
3349.10
3418.10
3429.10
3295.90
3301.90
3215.20
3244.90
3312.90
3329.80
3359.50
3351.50
3340.10
3279.90
3327.70
3353.50
3383.30
3344.40
3347.60
3340.30
3396.00
3397.40
3374.10
3363.10
3383.20
3438.10
3460.40
3528.80
3568.30
3552.00
3562.40
3575.40
3595.20
3573.70
3562.10
3604.60
3543.40
3596.10
3579.40
3602.20
3657.90
3674.40
3636.40
3562.70
3596.40
3655.60
3651.60
3684.60
3700.50
3668.60
3671.20
3671.90
3737.20
3752.40
3750.00
3721.20
3730.60
3777.60
3788.50
3748.80
3761.10
3819.50
3820.20
3809.90
3766.90
3834.80
3867.50
3939.70
3946.70
4003.40
4030.10
4027.00
4000.70
4074.30
4142.20
4139.70
4223.70
4203.90
4131.90
4140.00
4297.60
4384.80
4320.50
4368.50
4400.30
4377.70
4458.70
4405.50
4337.00
4302.50
4325.90
4364.30
4428.10
4342.30
4333.20
4377.50
4237.10
4195.50
4077.60
4080.60
4190.50
4251.90
4204.80
4090.10
4076.80
3993.70
3992.00
3897.40
3919.80
4001.80
4127.30
4062.10
4093.40
4073.70
4131.30
4104.60
4028.00
3890.20
3796.60
3869.50
3995.70
3970.40
4004.00
3983.10
4096.90
4091.80
4151.00
4104.90
4135.10
4116.50
4154.90
4263.00
4266.20
4326.40
4311.10
4267.40
4179.90
4164.60
4225.30
4215.20
4168.60
4149.90
4049.20
4069.30
4172.50
4124.90
3976.40
3981.40
3871.40
3645.70
3806.70
3748.90
3753.70
3847.70
3784.80
3841.40
3813.90
3715.40
3728.40
3734.80
3697.50
3701.90
3676.70
3816.70
3844.10
3876.90
3931.80
3941.90
3832.10
3850.10
3926.90
3962.00
3972.10
4125.90
4096.40
4074.60
4159.70
4191.80
4208.10
4187.10
4117.27
4016.70
4061.90
4029.10
4150.30
4154.60
4162.90
4055.40
4125.50
4132.80
4266.00
4224.30
4364.30
4417.00
4360.10
4340.00
4293.60
4237.80
4134.60
4150.10
4145.40
4140.20
4216.20
4290.10
4310.80
4250.50
4238.80
4222.20
4266.30
4316.10
4385.30
4444.50
4442.50
4529.90
4529.20
4509.30
4494.70
4536.90
4519.60
4558.60
4552.50
4509.40
4522.40
4535.60
4627.40
4611.70
4581.10
4583.00
4610.70
4604.60
4704.60
4695.80
4693.90
4781.60
4759.60
4690.50
4676.40
4762.70
4828.90
4852.20
4862.40
4838.70
4872.20
4905.60
4945.90
4908.60
4949.90
5045.20
5014.10
5064.40
5114.10
5029.00
5066.90
5069.90
5097.30
5135.40
5179.00
5254.30
5345.90
5309.70
5267.40
5312.30
5368.00
5359.20
5293.00
5326.60
5407.90
5373.80
5312.30
5262.60
5144.40
5002.70
5018.67
5108.48
5107.44
5314.66
5232.03
5229.80
5186.23
5257.58
5341.69
5297.35
5376.88
5361.22
5393.14
5342.85
5388.90
5510.98
5564.21
5575.16
5644.29
5490.64
5481.26
5569.08
5582.78
5613.76
5592.48
5688.50
5779.09
5760.03
5754.46
5670.83
5527.32
5591.57
5709.36
5718.06
5702.61
5654.75
5718.71
5779.91
5866.63
5870.42
5915.13
5897.44
5906.85
5904.10
5953.16
5918.37
5960.98
6013.14
5996.77
5982.42
6019.48
6095.28
6108.24
6094.02
6147.87
6171.43
6165.52
6110.73
6058.45
6035.28
5885.00
5889.01
5853.63
5880.87
5873.92
5758.77
5756.20
5632.51
5517.64
5581.22
5476.25
5268.40
5402.37
5356.23
5447.90
5456.58
5568.88
5596.41
5488.22
5163.51
5234.88
5372.76
5231.61
5060.84
4993.54
4833.89
4791.81
4970.50
4812.18
4820.25
4923.37
5103.84
5040.87
4747.33
4737.15
4896.49
4831.22
4857.97
4669.51
4598.58
4433.87
4575.15
4699.39
4646.25
4561.58
4653.94
4578.27
4474.51
4226.49
3962.50
4034.23
4156.64
4087.83
3896.08
3983.65
4225.49
4274.48
4318.52
4399.05
4489.10
4458.40
4595.82
4523.24
4454.28
4451.09
4577.74
4682.45
4536.34
4549.33
4671.12
4761.15
4705.08
4841.72
4811.60
4836.22
4768.58
4662.78
4717.70
4639.89
4639.65
4783.77
4702.63
4698.72
4795.69
4911.88
5019.12
4958.82
4944.37
5051.63
5121.48
5022.70
4781.73
4691.69
4787.08
4775.23
4713.96
4699.34
4663.68
4642.69
4536.20
4522.86
4574.50
4663.45
4723.81
4629.23
4780.93
4825.38
4951.77
5044.77
5031.87
5002.39
5252.36
5253.91
5443.62
5323.21
5392.84
5270.60
5200.10
4931.80
4912.75
4960.22
5050.40
5073.15
5143.06
5156.67
5019.28
4982.45
4986.80
5061.18
5096.41
5159.96
5190.82
5166.87
5085.66
5077.85
5080.77
5027.22
4904.35
4796.82
4839.33
4888.74
4879.55
4904.68
4810.09
4845.08
4802.38
4845.18
4987.56
5062.31
4958.58
4911.81
4784.31
4804.02
4697.67
4678.72
4839.09
4788.69
4758.46
4721.41
4754.41
5008.16
5029.24
5094.63
5077.43
5013.62
5099.48
5027.06
4915.03
4780.13
4860.26
4775.17
4876.92
4856.84
4884.20
4914.59
4965.29
5052.27
5068.75
5124.18
5159.16
5199.18
5182.16
5181.01
5155.35
5220.15
5087.29
5163.29
5218.82
5195.42
5256.22
5347.50
5348.61
5334.42
5393.11
5377.56
5383.21
5307.22
5274.45
5297.38
5205.95
5249.15
5248.02
5173.25
5114.47
5154.94
5184.51
5235.64
5264.68
5143.10
5160.44
5083.83
5068.73
5069.83
5021.24
4997.83
5107.81
5190.15
5211.08
5253.89
5206.47
5262.15
5268.87
5342.86
5381.25
5412.00
5430.32
5468.47
5468.67
5399.11
5327.60
5301.21
5356.95
5359.53
5378.52
5480.22
5519.05
5625.62
5612.90
5588.50
5607.10
5638.95
5652.02
5573.82
5610.89
5619.26
5619.94
5624.74
5491.29
5414.17
5340.91
5310.63
5206.44
5224.16
5229.56
5052.32
5101.87
5129.50
5107.68
5119.37
4978.45
5010.47
5087.30
5000.87
5019.69
5127.43
5219.43
5257.10
5259.91
5230.47
5186.85
5254.14
5301.98
5324.02
5400.32
5389.34
5420.36
5392.53
5270.77
5317.12
5189.92
5336.22
5400.55
5391.36
5400.70
5436.86
5483.95
5446.91
5401.47
5387.18
5304.42
5303.94
5351.98
5282.76
5238.76
5299.57
5186.53
5239.64
5119.10
5135.62
5149.83
5124.55
5218.86
5301.85
5353.32
5419.31
5419.26
5414.50
5358.46
5295.43
5220.29
5184.23
5156.28
5296.91
5291.23
5246.49
5357.75
5320.40
5388.76
5363.86
5478.89
5525.40
5524.92
5546.95
5560.87
5635.62
5658.10
5647.94
5694.73
5742.42
5802.36
5791.05
5859.29
5909.52
5870.17
5950.05
5955.97
5819.89
5814.74
5818.73
5961.45
5958.07
5888.88
5896.04
5933.84
5937.20
6119.17
6142.19
6158.77
6115.59
6118.06
6097.90
6127.20
6187.99
6232.75
6341.29
6353.90
6378.66
6418.68
6492.53
6782.39
6837.41
6861.54
6859.58
6958.14
6750.76
6586.95
6502.07
6474.92
6780.96
6925.52
6891.25
6912.81
6955.98
7173.22
7258.90
7072.12
7091.04
7112.66
6992.75
6931.99
6809.64
6969.37
7126.13
7066.60
6835.60
7050.46
7171.95
7354.26
7444.61
7296.32
7549.88
7629.11
7709.27
7611.55
7644.80
7396.13
7490.32
7580.53
7573.78
7590.53
7607.94
7698.97
7640.53
7738.68
7587.13
7644.55
7727.93
7945.77
7960.03
7975.78
8064.97
7987.00
7949.15
7975.95
7693.85
7650.05
7414.46
7583.96
7710.92
7872.38
7807.93
7798.62
7694.78
7932.42
7892.49
7931.93
7864.76
7644.89
7599.39
7429.22
7522.80
7330.77
7446.21
7522.20
7516.95
7442.66
7443.07
7449.06
7214.83
7187.14
7196.49
7216.71
7157.95
7280.51
7388.55
7221.74
7414.68
7555.92
7376.93
7386.71
7530.82
7408.09
7280.54
7120.86
7259.48
7269.28
7195.15
7371.06
7211.51
7181.58
6989.03
6912.96
6927.69
6834.88
6978.87
6839.33
7016.66
7119.26
7109.67
7272.76
7438.95
7408.02
7359.80
7285.93
7253.46
7246.79
7240.10
7268.91
7350.94
7328.62
7252.58
7198.80
7227.27
7100.09
7064.73
6980.41
7027.19
7048.96
7054.30
6881.94
6882.44
6962.02
6944.36
6961.73
6972.80
7044.77
7066.22
7006.05
7065.97
7166.51
7321.94
7430.70
7406.91
7366.57
7480.14
7378.86
7314.20
7329.46
7268.00
7183.44
7128.30
7190.37
7145.53
7112.45
7011.74
7016.59
7113.22
7143.96
7226.71
7280.97
7322.98
7331.67
7307.43
7315.27
7278.43
7232.42
7199.34
7249.20
7232.78
7230.26
7307.17
7339.22
7294.40
7192.69
7244.79
7344.67
7445.56
7391.27
7329.90
7373.34
7261.04
7214.45
7135.75
7006.26
7049.82
6999.54
6891.69
6915.49
6765.23
6682.92
6740.25
6788.69
6765.04
6814.06
6832.76
6798.12
6862.26
6823.43
6892.49
6776.39
6680.78
6673.15
6554.14
6465.26
6661.30
6627.25
6531.71
6470.06
6619.43
6615.90
6620.87
6802.81
6748.22
6767.90
6924.68
6926.57
7077.44
7059.07
7088.64
7128.27
7136.30
7083.70
7010.20
6959.50
6851.69
6742.10
6966.65
6961.09
6811.49
6752.29
6605.53
6666.06
6510.54
6596.93
6664.18
6696.91
6625.56
6598.32
6372.33
6512.91
6408.10
6637.09
6622.25
6583.13
6691.25
6782.52
6733.59
6620.21
6475.84
6331.30
6390.25
6479.28
6248.76
6200.71
6251.40
6328.16
6371.64
6433.61
6289.82
6434.96
6376.54
6382.31
6392.17
6404.52
6320.07
6465.21
6490.03
6522.87
6502.89
6653.38
6635.76
6651.53
6675.00
6722.41
6706.67
6727.49
6695.20
6750.96
6739.30
6795.14
6704.68
6638.20
6628.07
6693.03
6578.96
6636.81
6497.07
6564.91
6557.93
6479.87
6591.67
6439.26
6472.21
6451.57
6347.99
6277.99
6075.34
6189.07
6220.48
6208.24
6123.38
6159.02
6216.38
6284.06
6305.64
6267.06
6204.42
6046.56
5962.93
5794.12
5889.95
5734.49
5657.29
5782.16
5622.09
5388.02
5544.67
5726.97
5938.21
5817.52
5879.30
5829.95
5760.76
5553.46
5597.66
5773.34
5698.88
5781.01
5913.84
5951.16
6002.30
5935.58
6164.88
6181.91
6127.97
6051.48
6124.57
6115.19
6123.66
6175.24
6264.51
6213.84
6089.17
6138.28
6122.62
6108.72
6063.94
6165.18
6141.02
6064.68
6070.38
6148.44
6173.81
6186.87
6249.87
6270.59
6215.25
6278.90
6223.57
6216.83
6120.33
6041.22
6123.26
6125.17
6177.74
6242.13
6192.44
6184.25
6187.21
6162.74
6059.15
6111.94
6031.27
5915.18
5869.04
5922.53
5876.04
5926.38
5941.77
5902.32
5847.79
5833.10
5971.77
6058.38
6109.50
6056.84
6015.72
5999.19
5862.10
5869.86
5816.32
5801.80
5889.88
5928.01
5853.76
5846.66
5728.37
5829.69
5764.06
5791.73
5663.26
5582.76
5675.76
5754.86
5792.19
5861.19
5835.23
5777.28
5735.88
5746.04
5752.51
5614.51
5512.28
5433.49
5453.77
5520.71
5455.44
5361.92
5222.12
5207.83
5216.11
5220.21
5254.04
5387.50
5406.47
5308.78
5305.00
5162.40
5188.17
5094.10
5208.10
5048.08
4875.37
4730.67
4670.13
4369.57
4392.40
4115.98
4243.68
4194.85
4041.80
3809.67
3787.23
4038.69
4009.12
4095.32
4184.50
4308.15
4239.97
4304.20
4436.66
4548.13
4487.69
4495.15
4472.42
4613.19
4718.46
4625.13
4548.48
4626.48
4644.82
4574.37
4513.53
4619.32
4704.22
4811.82
4715.60
4820.26
4660.35
4543.98
4559.13
4636.13
4583.31
4755.11
4707.65
4860.66
4993.57
4910.07
4820.37
4946.97
4953.53
5006.33
5062.64
5185.10
5096.18
5087.03
5124.54
5150.97
5114.12
5059.57
4915.95
4936.08
4989.91
4988.44
5013.99
5262.75
5271.29
5199.03
5124.68
5146.45
5062.56
4966.05
4909.42
5067.99
5039.64
4984.69
4934.14
5019.01
5117.13
5160.10
5167.88
5270.29
5318.73
5232.22
5236.37
5288.21
5228.11
5209.97
5065.84
5062.04
4984.20
5133.40
5122.23
5069.74
5045.72
5163.03
5170.44
5156.63
5159.02
5084.52
5052.20
5107.61
5097.06
4984.48
4936.75
4804.41
4862.62
4835.95
4940.00
4884.78
4935.35
4973.77
4862.60
4871.76
4764.05
4780.24
4850.73
4745.58
4863.54
4897.75
4960.22
5039.08
5097.41
5245.84
5228.67
5285.26
5289.43
5359.55
5340.67
5275.81
5245.99
5276.87
5401.11
5426.04
5462.55
5364.70
5348.68
5366.13
5317.38
5390.59
5348.00
5397.29
5311.08
5281.84
5254.95
5260.53
5180.33
5170.25
5265.36
5162.96
5189.65
5244.20
5343.88
5318.55
5262.88
5284.55
5205.48
5192.10
5160.14
5054.41
5000.38
5008.04
5041.20
4964.56
4882.77
4880.67
4872.41
5028.59
4966.48
4871.70
4975.48
5049.08
5072.39
5047.45
5036.41
4998.99
4984.61
4919.50
4879.50
4899.13
4961.54
4918.58
4881.80
4761.96
4818.30
4747.95
4625.79
4624.31
4657.52
4610.18
4589.26
4606.09
4510.19
4470.14
4303.85
4475.10
4433.85
4354.82
4245.68
4232.40
4127.21
4202.97
4099.05
4259.43
4382.56
4366.81
4195.95
4138.15
4258.62
4483.03
4442.33
4369.76
4190.22
4118.50
4130.80
3912.51
3977.75
4092.82
4100.75
3891.88
3691.43
3515.83
3632.66
3520.46
3579.00
3859.78
3878.94
3700.14
3606.45
3532.49
3332.65
3568.64
3465.54
3679.26
3760.86
3647.13
3683.21
3589.92
3665.74
3684.69
3837.67
3768.51
3868.17
3906.55
3828.26
3783.84
3851.34
3682.84
3660.95
3712.94
3609.41
3398.99
3425.90
3354.71
3485.68
3429.22
3494.69
3584.69
3421.87
3361.28
3319.05
3289.13
3124.92
3007.47
3065.73
2914.25
2873.21
2962.50
3020.60
2918.90
2769.03
2865.23
2926.74
2813.30
2714.62
2667.39
2622.09
2597.88
2733.19
2930.74
2850.11
3048.27
3008.93
3172.46
3163.67
3282.67
3155.97
3015.42
3090.01
3102.01
3198.96
3022.01
3113.59
3152.85
3165.16
3327.94
3351.32
3298.84
3155.66
3079.10
3042.06
3115.88
3066.42
3188.39
3191.76
3218.36
3206.93
3212.99
3304.63
3320.88
3299.24
3191.63
3346.14
3360.76
3320.32
3380.20
3280.49
3320.75
3224.74
3207.53
3065.57
3167.99
3196.05
3111.88
3077.06
3205.29
3139.97
3022.69
2961.41
3024.22
3000.84
2840.00
2892.63
3105.04
3092.94
3157.25
3112.77
2993.00
3037.68
3037.33
3060.65
3098.72
3049.40
3054.11
2918.82
2893.55
2870.57
2803.25
2811.22
2717.82
2643.80
2671.36
2706.57
2693.78
2747.83
2751.99
2632.98
2725.88
2649.00
2569.34
2586.09
2627.00
2571.25
2555.27
2674.46
2708.97
2740.14
2624.65
2591.26
2648.87
2571.35
2485.50
2450.20
2513.22
2547.05
2549.65
2501.03
2498.02
2437.51
2431.66
2329.04
2305.30
2202.96
2354.31
2403.19
2487.12
2584.61
2615.22
2604.85
2715.06
2548.37
2636.10
2579.33
2584.05
2520.84
2423.87
2450.19
2589.35
2569.81
2654.07
2808.94
2767.79
2734.10
2697.10
2733.95
2776.78
2834.12
2824.68
2899.78
2960.96
2974.40
2891.62
2838.23
2953.92
2908.96
2942.04
2986.00
3013.04
3066.95
3005.64
2886.08
2956.59
2937.26
2909.95
2926.03
2989.38
2989.08
2850.68
2838.93
2827.25
2865.21
2822.83
2828.28
2873.60
2919.54
2906.71
2982.68
3064.56
3026.82
3080.02
3039.76
3127.46
3094.76
3140.34
3178.15
3219.47
3168.71
3264.50
3286.48
3304.15
3247.11
3238.98
3186.39
3217.34
3198.82
3241.22
3224.66
3220.58
3146.55
3241.04
3241.92
3239.61
3332.87
3344.46
3322.43
3269.84
3326.51
3396.07
3384.69
3387.64
3330.68
3366.71
3287.00
3318.15
3304.48
3374.82
3356.89
3417.77
3428.12
3429.03
3487.86
3438.89
3405.31
3438.36
3375.66
3331.89
3332.24
3339.58
3381.71
3398.89
3452.70
3443.93
3507.23
3504.53
3501.23
3565.47
3549.05
3500.09
3455.48
3483.08
3492.67
3484.58
3571.22
3567.20
3647.51
3668.67
3607.71
3641.53
3594.40
3536.87
3566.85
3508.06
3516.31
3564.75
3561.03
3612.02
3578.70
3456.27
3411.02
3307.34
3326.27
3324.85
3323.38
3256.78
3329.83
3276.64
3419.00
3404.91
3355.78
3395.33
3481.90
3471.25
3538.39
3538.13
3570.58
3577.72
3516.67
3559.33
3580.08
3490.60
3497.14
3452.64
3517.10
3586.93
3615.42
3639.66
3655.99
3744.50
3741.71
3717.70
3733.93
3782.56
3746.24
3729.87
3748.34
3765.59
3797.40
3674.54
3666.28
3652.29
3638.04
3642.25
3737.09
3733.16
3712.98
3744.99
3745.95
3821.20
3809.26
3875.66
3874.78
3841.73
3806.54
3846.18
3820.92
3858.85
3860.13
3875.47
3865.98
3847.57
3870.88
3898.42
3876.94
3903.34
3952.72
3965.16
4018.50
4035.90
4035.44
4004.40
4045.43
4016.18
3995.91
3996.22
4055.21
4068.75
4111.64
4139.92
4106.41
4138.04
4139.86
4151.83
4128.68
4134.42
4150.24
4095.71
4058.60
4071.60
4057.51
4028.37
4014.79
4044.99
4098.97
4110.80
4122.16
4121.65
4057.05
4070.46
4095.86
4095.34
4141.53
4073.35
4068.71
3991.42
3995.34
4007.81
4018.16
4054.43
4100.34
4071.70
4133.78
4126.14
4145.99
4087.55
4044.70
3904.95
3915.38
3810.76
3822.37
3896.79
3827.43
3819.15
3729.23
3728.82
3726.07
3811.92
3822.33
3881.25
3874.04
3856.70
3924.85
4007.60
4048.60
4022.81
4001.16
4013.53
4071.42
4012.77
4004.61
4033.98
4025.07
4061.13
4026.15
4059.15
4103.62
4125.83
4134.10
4065.74
4008.91
3985.21
4007.65
3990.75
4022.10
3909.46
3895.64
3784.61
3849.84
3776.24
3824.93
3803.10
3754.37
3789.24
3872.26
3839.32
3831.84
3867.84
3828.07
3867.52
3913.33
3902.72
3921.41
3864.18
3888.31
3917.08
3961.93
4017.81
4018.95
3997.76
4021.64
4014.56
3948.65
3987.30
4003.24
3985.46
3999.79
3989.31
3928.39
3945.10
4007.05
4013.35
4069.35
4069.73
4052.73
4035.02
3998.77
3995.73
3944.88
3930.58
3934.48
3924.49
3893.24
3903.88
3898.84
3847.19
3845.93
3812.63
3837.60
3877.48
3801.05
3797.33
3752.59
3814.08
3807.21
3889.68
3895.61
3862.71
3877.32
3823.74
3829.03
3727.74
3690.33
3720.64
3678.91
3658.11
3646.99
3699.11
3705.73
3726.50
3722.99
3712.61
3772.14
3771.00
3788.88
3832.28
3851.18
3838.85
3785.21
3817.62
3833.45
3866.99
3887.58
3889.04
3884.16
3851.22
3886.03
3953.31
3947.75
3941.75
3963.65
3988.07
3977.68
3991.02
3942.35
3905.66
3910.30
3874.37
3882.27
3920.36
3892.90
3994.96
4033.28
4048.71
4049.66
4043.36
4015.54
4017.82
3957.60
3976.03
3940.46
3922.11
3915.17
3964.13
3912.40
3934.06
3935.14
3854.41
3862.26
3929.03
3959.59
3960.25
4012.64
4037.57
4039.04
4041.38
4063.58
4068.97
4065.33
4089.13
4130.81
4143.35
4134.34
4117.22
4183.41
4178.68
4134.89
4123.98
4113.37
4125.30
4160.35
4154.27
4146.98
4126.00
4186.03
4216.40
4208.87
4193.91
4212.62
4201.35
4150.41
4174.55
4219.24
4231.30
4213.69
4233.71
4182.27
4211.55
4214.39
4241.28
4251.62
4235.36
4261.79
4247.75
4256.08
4291.53
4290.50
4258.24
4300.94
4316.40
4307.37
4258.01
4208.82
4212.14
4232.36
4245.51
4250.71
4245.55
4220.43
4213.70
4201.89
4233.95
4214.12
4216.41
4201.81
4254.85
4279.97
4296.31
4281.64
4339.28
4366.35
4371.39
4353.15
4342.01
4387.80
4386.40
4402.03
4368.77
4369.68
4359.47
4353.34
4323.21
4310.66
4304.29
4348.64
4350.49
4383.62
4393.43
4373.27
4423.52
4428.09
4396.50
4375.60
4337.68
4360.49
4367.30
4387.69
4309.11
4315.92
4327.18
4296.36
4320.69
4317.20
4343.60
4351.89
4347.52
4348.77
4373.53
4341.39
4362.61
4379.18
4389.52
4400.68
4396.09
4372.12
4405.69
4402.05
4312.25
4202.20
4204.61
4178.62
4193.70
4223.04
4246.96
4233.76
4189.02
4178.10
4184.84
4224.02
4245.54
4264.35
4299.51
4311.06
4292.41
4251.13
4244.16
4267.05
4275.70
4262.18
4251.77
4324.60
4360.42
4360.68
4406.95
4396.64
4389.54
4436.60
4444.71
4480.43
4460.63
4527.17
4532.17
4510.39
4497.26
4566.01
4557.29
4562.75
4586.10
4599.21
4591.69
4548.42
4579.87
4604.57
4586.86
4608.11
4619.60
4627.48
4566.48
4523.82
4557.46
4583.63
4586.28
4617.07
4623.41
4603.65
4615.49
4530.18
4597.97
4663.38
4653.03
4679.89
4699.27
4712.90
4719.57
4770.54
4784.50
4829.87
4836.90
4842.70
4843.49
4855.35
4892.50
4886.50
4890.85
4932.87
4923.12
4874.06
4827.18
4837.86
4909.48
4990.57
4953.93
4937.33
4922.34
4883.81
4871.46
4851.27
4929.91
4941.69
4917.74
4915.95
4856.01
4783.80
4812.24
4791.72
4829.69
4842.94
4837.81
4909.89
4968.28
4988.14
4992.75
5005.93
4989.98
4901.88
4911.17
4905.98
4986.50
4926.13
4962.86
4875.22
4849.01
4882.58
4998.16
4965.88
5048.74
5021.17
5044.12
5082.07
5138.02
5069.42
5017.27
5007.77
5022.79
5032.46
4981.77
4950.07
4975.56
4978.83
4947.18
4845.98
4864.25
4838.40
4901.79
4872.97
4900.79
4806.05
4825.64
4929.07
4922.55
4954.83
5011.00
4995.24
5024.20
5008.83
5011.38
5015.55
5090.75
5092.43
5110.61
5081.46
5099.72
5123.50
5170.61
5174.72
5196.08
5187.98
5194.27
5176.59
5199.48
5193.40
5266.55
5307.99
5266.86
5300.85
5266.75
5286.75
5282.13
5301.21
5310.28
5286.76
5295.82
5353.66
5350.18
5356.60
5397.23
5398.28
5419.05
5444.84
5447.15
5458.58
5408.26
5449.98
5460.68
5523.62
5516.53
5536.32
5537.11
5494.71
5532.89
5542.13
5483.09
5514.64
5460.16
5395.61
5430.84
5349.02
5348.72
5334.30
5427.09
5548.91
5647.42
5660.03
5674.15
5726.53
5649.60
5657.12
5666.78
5672.92
5666.41
5743.68
5701.47
5756.33
5763.40
5764.37
5789.25
5795.48
5793.95
5801.04
5862.06
5857.88
5870.79
5915.15
5796.04
5866.61
5783.49
5721.46
5754.06
5739.28
5673.36
5732.22
5804.92
5855.16
5870.88
5898.48
5897.79
5882.38
5902.79
5911.86
5932.31
5947.11
5973.14
5912.26
5890.63
5914.78
5984.19
5970.08
6024.05
6013.85
6029.20
6031.39
5952.92
6003.40
5908.47
5901.25
5918.57
5902.58
5993.76
6063.28
6094.75
6079.09
6078.80
6107.12
6067.74
6009.89
6051.29
5968.96
6039.32
6113.29
6127.98
6140.72
6118.38
6054.72
5916.28
5857.03
5851.92
5652.72
5666.07
5672.28
5546.24
5678.49
5587.23
5706.06
5788.36
5755.02
5622.43
5692.86
5707.59
5687.04
5621.19
5502.81
5543.93
5383.28
5464.08
5395.55
5292.14
5305.99
5422.22
5376.01
5439.23
5493.61
5503.41
5533.42
5529.74
5514.63
5459.15
5456.87
5581.67
5683.31
5712.69
5729.01
5625.63
5695.47
5681.85
5706.32
5616.04
5637.82
5527.29
5422.22
5416.96
5396.85
5539.29
5545.82
5451.01
5578.05
5565.76
5583.10
5659.07
5705.42
5681.97
5596.74
5680.82
5640.03
5723.03
5626.67
5651.92
5702.81
5630.96
5628.37
5692.00
5776.80
5812.94
5833.51
5817.02
5794.83
5818.41
5775.54
5814.08
5811.47
5854.99
5847.02
5867.53
5859.57
5876.54
5909.72
5884.07
5813.06
5773.72
5795.26
5798.46
5873.85
5906.12
5907.37
5937.87
5926.33
5873.46
5954.38
5962.03
5883.32
5901.66
5960.63
5989.71
5989.16
6004.33
5999.46
5992.22
6046.37
6075.28
6085.82
6084.40
6117.71
6119.45
6160.28
6173.68
6186.54
6115.10
6182.78
6177.42
6202.82
6242.91
6247.52
6264.92
6284.19
6262.54
6258.19
6268.92
6291.90
6223.33
6241.15
6330.65
6361.96
6349.26
6358.68
6357.77
6393.73
6387.38
6430.89
6443.02
6412.36
6452.33
6460.39
6476.13
6475.25
6411.96
6298.17
6281.68
6363.80
6309.19
6241.13
6295.23
6372.80
6369.51
6413.03
6427.41
6469.42
6476.17
6520.77
6552.58
6588.83
6597.25
6553.51
6586.91
6573.96
6503.13
6608.86
6611.81
6596.92
6681.13
6691.32
6674.40
6593.09
6607.59
6614.37
6566.56
6687.30
6705.17
6731.74
6716.82
6701.70
6689.62
6747.17
6687.31
6678.93
6748.37
6719.58
6690.34
6726.01
6788.23
6789.11
6851.28
6885.76
6874.06
6875.70
6915.56
6876.73
6911.11
6859.45
6895.34
6961.18
6958.62
6957.07
6987.08
6982.91
6941.66
6973.73
6992.58
7027.59
6819.65
6715.44
6640.24
6603.32
6534.57
6595.00
6617.75
6713.23
6716.52
6715.49
6623.99
6447.70
6585.47
6579.87
6671.41
6700.29
6712.06
6856.96
6899.06
6828.82
6858.34
6816.89
6897.08
6917.03
6937.17
7045.56
7073.91
7099.91
7166.67
7152.83
7142.95
7212.07
7338.06
7348.83
7282.34
7242.73
7342.54
7335.62
7270.32
7343.08
7387.02
7378.12
7408.87
7455.93
7476.69
7516.76
7525.69
7442.20
7475.99
7415.33
7479.34
7459.61
7505.35
7481.25
7499.50
7607.54
7619.31
7659.39
7735.88
7697.38
7739.20
7781.04
7764.97
7883.04
7987.85
7976.79
7919.83
7730.05
7618.61
7590.50
7706.10
7678.26
7680.76
7849.16
8030.64
8036.12
8033.52
8090.49
7964.71
7949.63
7930.61
7860.52
7801.23
7921.36
8007.32
7958.24
8050.68
8075.26
7987.13
8048.32
8077.39
7964.76
7898.54
8053.43
8092.77
8105.69
8038.21
7893.61
7991.21
7874.85
7944.21
7806.79
7692.55
7508.96
7451.68
7456.31
7584.14
7473.93
7534.13
7435.67
7444.45
7513.66
7605.94
7453.59
7343.26
7474.33
7425.07
7445.90
7270.07
7378.29
7407.53
7424.75
7500.48
7511.96
7507.27
7485.99
7430.24
7439.18
7519.94
7638.17
7648.58
7721.77
7588.03
7621.72
7436.63
7375.44
7457.90
7472.99
7535.97
7497.74
7479.85
7575.21
7750.84
7735.09
7794.43
7787.92
7769.44
7804.15
7853.79
7861.51
7922.42
7946.79
7955.30
7944.99
8002.18
7974.37
7980.44
7986.57
8033.69
8041.26
7969.47
7962.64
7985.41
7921.40
7884.12
7794.94
7842.79
7828.96
7932.44
7949.17
8009.67
7977.94
8019.22
7880.85
7849.49
7807.55
7827.19
7799.62
7819.47
7812.40
7806.84
7777.56
7783.11
7667.03
7612.26
7511.97
7630.31
7518.42
7562.10
7608.96
7567.36
7531.35
7723.66
7765.19
7870.52
7837.26
7808.94
7944.77
7940.58
7994.07
8033.36
8009.42
8076.12
7928.31
7948.36
7825.44
7850.74
7837.32
7869.19
8002.67
8038.60
8067.32
7949.11
7908.41
7808.69
7817.17
7849.99
7782.71
7713.09
7717.95
7732.02
7566.38
7471.57
7413.53
7314.17
6790.19
6769.47
6439.21
6821.07
6816.74
6818.85
6892.96
6875.35
6851.75
6968.67
7000.49
6765.25
6847.51
6733.72
6767.28
6743.54
6967.84
6973.67
6962.28
6832.43
7002.29
6899.68
6904.85
6806.29
6882.56
6985.97
6997.85
6862.52
6748.13
6689.95
6545.04
6683.71
6591.31
6513.99
6448.08
6524.57
6599.37
6500.56
6451.90
6182.30
6393.39
6361.22
6319.99
6524.71
6489.26
6578.06
6559.90
6534.97
6720.33
6777.44
6741.72
6763.39
6821.03
6771.98
6721.36
6704.32
6603.57
6554.49
6585.05
6702.84
6681.81
6843.08
6786.55
6728.30
6795.03
6821.32
6896.58
6925.33
6885.34
6948.82
7043.23
7052.08
7017.10
7076.25
7071.90
7003.17
7035.95
7060.19
7083.24
7081.05
7156.55
7225.94
7118.50
7040.83
7070.33
6944.05
6953.84
6958.66
7033.84
7055.03
7096.79
7008.77
7019.13
6965.43
6941.83
6803.81
6815.63
6771.10
6650.26
6714.52
6765.32
6729.88
6796.16
6728.91
6721.17
6578.44
6589.46
6536.06
6617.84
6459.60
6421.91
6418.32
6315.94
6305.42
6353.74
6272.21
6395.75
6304.41
6386.46
6305.00
6153.30
6200.25
6081.70
6155.37
6271.27
6382.65
6424.84
6442.79
6536.09
6440.70
6436.71
6351.15
6398.80
6460.12
6479.56
6396.46
6349.81
6518.70
6561.39
6543.49
6561.65
6609.63
6585.87
6422.19
6442.21
6446.02
6432.88
6282.43
6317.80
6236.96
6342.42
6296.95
6340.52
6321.03
6420.54
6422.30
6421.80
6518.47
6467.49
6279.57
6127.44
6263.74
6233.41
6210.32
6178.90
6234.89
6064.16
5965.17
5860.98
5863.42
6143.42
6107.75
6068.53
6052.87
6173.03
6063.50
5807.08
5831.02
5806.33
5660.63
5797.03
5387.01
5326.63
5013.62
4887.00
4544.31
5062.45
5199.19
4861.63
4622.81
4781.33
4835.01
4784.41
4571.07
4519.70
4295.67
4334.64
4823.45
4808.69
4869.30
4987.97
5026.84
5278.04
5166.87
4813.57
4938.46
5025.53
4761.58
4620.80
4649.52
4710.24
4557.27
4579.47
4354.09
4220.20
4127.41
4554.33
4560.42
4560.50
4665.27
4669.44
4394.79
4531.79
4567.24
4564.23
4381.47
4715.88
4779.11
4804.88
4767.20
4663.37
4654.82
4729.91
4708.38
4756.40
4696.70
4639.02
4629.38
4629.38
4629.38
4704.86
4810.20
4973.07
4983.99
5026.31
4937.47
4879.91
4783.89
4719.62
4636.94
4422.35
4336.73
4366.28
4316.14
4239.85
4261.15
4219.42
4178.94
4326.87
4323.42
4518.72
4428.11
4338.35
4271.04
4374.96
4492.79
4510.49
4644.63
4666.82
4505.54
4530.09
4407.56
4413.39
4216.60
4204.96
4215.21
4014.66
3936.45
3895.75
3846.21
3942.62
3843.74
3710.07
3690.72
3890.94
3695.49
3666.41
3692.03
3886.98
3914.10
3956.22
3953.60
4044.54
3987.77
3996.32
4043.46
4068.74
4176.37
4187.36
4223.29
4259.37
4203.55
3989.23
4084.76
4131.07
4381.92
4384.99
4349.81
4322.50
4357.92
4491.12
4491.12
4557.01
4549.79
4609.46
4676.84
4486.30
4501.63
4594.42
4538.21
4674.32
4694.07
4607.42
4704.56
4769.45
4769.45
4902.45
4853.03
4880.71
4804.10
4913.90
4866.91
4854.11
4727.61
4738.47
4737.50
4851.96
4959.62
5038.94
4900.67
4918.75
4918.45
4985.60
5000.77
4932.88
4940.82
5142.56
5144.06
5054.53
5064.80
5077.03
5004.72
4997.86
5051.18
5107.26
5069.24
4889.94
4890.72
4799.98
4837.48
4839.46
4693.40
4707.15
4836.01
4800.56
4776.47
4885.09
4808.64
4905.44
4718.49
4708.21
4651.82
4598.19
4572.65
4630.07
4576.31
4722.34
4781.69
4928.44
4957.19
4978.40
5030.15
5093.97
5121.56
5247.28
5229.36
5251.55
5174.74
5270.32
5360.66
5332.14
5426.85
5417.02
5353.01
5369.98
5458.96
5418.12
5285.81
5350.09
5401.11
5309.11
5201.61
5250.74
5231.98
5311.06
5462.74
5519.75
5557.09
5521.97
5470.33
5517.35
5458.04
5327.29
5319.84
5301.42
5384.43
5463.51
5481.73
5574.26
5594.77
5624.02
5620.24
5628.98
5700.26
5731.14
5703.83
5668.65
5709.38
5702.05
5605.21
5581.41
5736.31
5713.52
5675.16
5554.55
5467.90
5508.85
5657.64
5640.75
5716.54
5711.88
5783.23
5714.31
5854.14
5830.77
5743.39
5852.56
5811.77
5833.49
5762.93
5740.25
5642.16
5635.02
5496.27
5587.45
5414.96
5430.82
5353.35
5444.23
5480.92
5488.25
5619.72
5613.20
5668.35
5663.96
5686.83
5804.82
5778.43
5787.61
5702.18
5663.15
5801.48
5769.31
5803.02
5614.17
5685.61
5625.95
5776.61
5781.68
5770.35
5817.65
5784.75
5688.58
5647.84
5709.02
5756.29
5802.26
5811.34
5903.43
5844.44
5831.21
5930.53
5945.69
5957.44
6002.92
6011.55
5957.43
6048.30
6031.86
6034.33
6019.36
6037.61
6040.50
5943.00
5963.14
5988.88
5875.97
5918.55
5976.48
5851.53
5746.97
5695.32
5631.37
5668.93
5643.20
5540.33
5608.79
5654.48
5709.66
5672.09
5533.24
5434.34
5484.85
5498.26
5536.37
5503.93
5500.39
5511.10
5592.12
5648.34
5680.41
5722.05
5688.44
5604.07
5615.51
5532.33
5598.46
5713.51
5776.56
5817.88
5795.32
5877.36
5875.91
5885.89
5936.72
5928.63
5945.11
5903.56
5970.99
6024.28
6012.31
5982.43
5987.50
6017.27
6039.00
6132.95
6120.05
6156.85
6142.45
6153.55
6235.56
6235.56
6252.21
6222.41
6171.83
6249.70
6250.69
6230.83
6278.40
6291.45
6180.90
6162.44
6264.23
6230.38
6168.72
6259.53
6332.10
6159.51
6084.34
6144.91
6135.70
6166.92
6006.86
5958.45
5908.26
5715.09
6017.91
6037.71
6183.49
6251.97
6056.71
6066.92
6155.93
5988.67
5867.88
5829.25
5805.68
5670.04
5758.02
5937.14
5946.18
5964.33
5981.27
5981.20
6054.63
5938.88
5904.95
5868.55
5984.75
6056.59
6047.83
6125.00
6175.05
6190.91
6223.54
6216.98
6292.97
6269.04
6204.52
6115.48
6070.60
6157.22
5952.03
5965.52
5857.43
5834.15
5816.20
5940.98
5992.86
6035.66
6065.24
6077.19
6191.13
6209.76
6149.36
6040.27
6009.11
5967.49
5990.38
6142.15
6166.34
6194.21
6207.31
6178.94
6134.70
6147.97
6292.13
6307.91
6331.33
6333.58
6259.63
6351.60
6286.25
6154.07
6135.17
6110.41
6110.57
6206.40
6186.31
6075.13
6005.16
6010.91
5935.44
5899.50
5912.58
5951.17
5912.41
5925.22
6083.90
6083.85
6134.62
6155.04
6117.89
6164.44
6221.52
6214.77
6261.68
6275.41
6261.87
6249.65
6209.76
6294.58
6275.98
6208.33
6184.71
6298.30
6278.89
6276.09
6246.92
6229.02
6211.34
6134.21
6215.83
6270.73
6276.25
6291.67
6309.51
6304.57
6434.52
6455.27
6492.30
6516.63
6490.69
6524.55
6611.01
6605.84
6639.21
6613.80
6568.00
6595.28
6601.37
6604.86
6654.31
6617.80
6734.69
6754.20
6750.50
6787.81
6719.84
6723.41
6734.61
6790.17
6663.24
6700.07
6832.11
6843.55
6822.05
6705.00
6823.80
6879.66
6848.98
6697.97
6688.49
6866.63
6957.61
6947.72
6954.38
7001.91
6975.87
6964.16
7006.17
7029.39
7027.40
7016.37
7024.40
6982.45
7018.60
7077.99
7067.92
7057.69
6970.73
6972.10
6995.47
6914.19
6914.19
6989.74
6975.35
6939.82
6981.39
6947.84
6857.06
6941.57
7068.78
7075.11
7075.70
7078.06
7143.45
7082.76
7024.27
7062.42
7067.77
7059.01
7127.35
7155.58
7102.80
7077.48
7184.27
7183.67
7193.68
7216.21
7283.62
7323.24
7320.90
7340.28
7371.20
7396.63
7400.04
7414.30
7405.51
7426.81
7321.81
7318.35
7194.60
7130.50
7185.17
7272.32
7223.30
7181.12
7225.96
7178.90
7161.93
7164.75
7131.80
7063.09
6981.49
6866.63
6647.66
6513.84
6656.88
6664.40
6816.12
6780.97
6804.45
6933.58
6946.36
6938.63
6934.44
7057.15
7041.31
7179.81
7175.33
7175.31
7215.11
7178.78
7217.02
7204.86
7102.91
7177.97
7146.56
7178.29
7026.85
7039.31
7249.19
7295.49
7295.49
7356.51
7404.95
7475.22
7514.46
7527.64
7500.70
7373.93
7376.96
7492.25
7410.52
7501.52
7495.05
7443.95
7403.31
7387.54
7256.65
7303.53
7358.23
7266.82
7121.52
7150.66
7170.94
7114.09
7163.47
7160.30
7293.69
7217.43
7074.12
7109.03
7084.57
7103.25
7060.23
7159.66
7069.90
7085.14
7204.79
7115.08
7110.20
7164.05
7150.21
7285.51
7278.19
7149.44
7121.38
7107.90
7170.43
7294.14
7376.24
7419.44
7442.96
7439.44
7431.19
7471.44
7402.73
7230.25
7174.14
7267.87
7214.74
7220.12
7107.92
7192.67
7221.36
7063.02
7326.39
7344.54
7349.45
7252.68
7190.06
7158.77
6953.98
6796.75
6640.59
6414.76
6236.16
5923.27
5917.08
5613.42
5797.66
5997.74
6022.24
5994.90
5948.94
5602.80
5480.00
5473.78
5532.38
5681.08
5584.14
5537.48
5670.07
5643.92
5784.85
5730.63
5538.33
5246.20
5193.97
5405.53
5408.46
5189.93
5072.33
5166.36
5340.19
5508.24
5573.51
5415.91
5571.68
5433.80
5164.21
5196.56
5345.56
5628.44
5578.42
5639.58
5502.02
5376.70
5216.71
5473.03
5645.25
5675.70
5847.29
5865.01
5994.47
5914.84
5967.20
5859.43
5877.41
5913.53
5766.48
5970.96
6055.27
6046.75
6016.07
6337.84
6346.19
6141.34
5834.51
5965.63
6133.18
5966.16
5928.68
5961.44
5829.54
5867.81
6057.03
5985.02
5933.14
5913.36
5850.17
5800.24
5606.00
5537.39
5457.77
5428.15
5492.87
5745.33
5799.91
6088.84
6035.88
6080.68
6106.09
6028.82
5994.73
5874.44
5986.71
5785.43
5774.26
5675.14
5730.62
5701.78
5670.71
5847.03
5791.53
5852.18
5878.93
5889.76
5771.27
5848.78
5898.35
6166.57
6111.55
6095.99
6057.92
6017.23
6162.98
6152.34
6179.21
6143.08
6220.01
6332.93
6354.57
6416.26
6404.39
6436.62
6419.22
6421.85
6539.85
6511.98
6444.45
6458.91
6616.64
6655.63
6766.67
6764.83
6754.20
6748.76
6788.80
6692.96
6738.47
6728.19
6757.94
6751.96
6848.03
6948.30
6908.18
6843.87
6809.46
6864.43
6849.60
6887.63
6856.08
6941.77
6921.37
6866.46
6633.11
6671.11
6834.54
6880.21
6901.35
6995.91
7079.42
7144.45
7157.82
7154.22
7054.94
7071.32
6981.26
6995.62
7079.23
7078.90
6998.80
6875.15
6946.83
7056.65
6982.28
6784.06
6775.26
6606.43
6674.73
6743.24
6583.90
6625.19
6801.00
6732.03
6671.22
6750.12
6523.00
6590.41
6704.50
6739.90
6801.32
6761.19
6710.77
6694.44
6561.47
6569.48
6444.74
6475.31
6518.00
6579.93
6451.97
6401.06
6384.26
6308.96
6271.22
6331.04
6435.60
6285.75
6315.89
6339.94
6323.19
6396.84
6280.80
6264.38
6050.29
5978.23
5969.40
6093.99
6144.22
6130.82
6141.05
6161.24
6152.49
6138.61
6229.41
6248.20
6363.36
6392.13
6343.13
6263.25
6132.39
6136.69
6228.99
6149.91
6416.28
6496.08
6578.21
6564.80
6535.56
6410.11
6387.57
6438.33
6453.85
6419.35
6557.10
6565.72
6577.64
6684.42
6758.39
6630.02
6419.33
6390.41
6406.52
6582.96
6689.40
6774.06
6772.26
6754.46
6606.09
6865.66
6918.72
6967.95
6966.15
6964.99
6944.56
6909.68
6974.39
6946.80
6996.29
7040.88
7033.68
7089.32
7017.75
6949.57
6971.07
7047.45
7002.68
7010.57
6895.49
6970.79
7014.83
6932.58
6964.69
7167.33
7214.50
7213.70
7310.11
7343.53
7310.32
7412.13
7403.69
7347.69
7390.76
7389.49
7451.62
7413.16
7425.11
7276.51
7290.02
7216.15
7326.73
7305.86
7322.08
7305.21
7397.87
7291.21
7234.53
7205.23
7281.70
7232.49
7261.25
7376.27
7394.55
7437.23
7380.64
7328.05
7173.69
7192.85
7200.23
7231.85
7203.16
7284.40
7260.63
7335.67
7363.85
7326.47
7377.76
7232.83
7204.96
7163.50
7168.76
7169.12
7101.92
7043.42
6950.53
7123.84
7172.99
7184.71
7244.99
7309.13
7292.03
7332.33
7343.41
7400.96
7405.50
7435.21
7435.12
7454.55
7534.54
7517.80
7530.92
7589.75
7614.79
7581.98
7596.47
7604.94
7653.58
7668.50
7672.10
7636.23
7636.23
7636.23
7655.88
7612.39
7612.39
7778.78
7756.44
7776.37
7732.66
7695.83
7720.47
7708.47
7715.53
7729.52
7675.91
7691.13
7735.46
7702.23
7748.86
7696.21
7707.54
7748.13
7857.97
7833.00
7848.57
7811.31
7776.05
7833.39
7638.23
7664.66
7581.18
7590.85
7652.14
7633.74
7660.19
7711.89
7631.19
7593.51
7628.73
7752.45
7728.90
7583.57
7661.91
7773.19
7597.11
7675.83
7741.70
7708.16
7691.68
7870.31
7919.33
7939.77
7986.47
7984.29
7966.12
7970.91
8058.37
8042.85
8010.70
7947.79
8001.97
7932.51
7911.35
7870.90
7879.67
7789.09
7795.31
7795.31
7943.87
7874.75
7817.39
7658.75
7662.64
7637.51
7810.63
7871.63
7744.77
7712.63
7682.58
7503.03
7473.73
7459.96
7478.11
7658.21
7759.03
7832.86
7814.76
7873.50
7913.71
7913.71
7961.71
8122.29
8112.08
8181.78
8249.71
8262.55
8278.59
8279.29
8339.11
8362.42
8369.87
8398.00
8455.83
8472.20
8530.89
8351.98
8305.32
8383.30
8480.87
8336.58
8400.20
8348.84
8285.80
8295.96
8196.18
8098.81
8254.68
8307.69
8222.46
8143.27
8095.39
8127.96
8215.73
8229.51
8197.08
7928.48
7789.24
7692.45